platformBlocks
4875, 750, 12, <null>, <null>,
5175, 750, 12, <null>, <null>,
5925, 750, 12, <null>, <null>,
6075, 750, 12, <null>, <null>,
6350, 750, 14, 89.5, 6363,
6525, 750, 16, 102.5, 6551,
6725, 700, 12, <null>, <null>,
6875, 700, 12, <null>, <null>,
7025, 650, 12, <null>, <null>,
7175, 650, 8, 50.5, 7149,
7275, 700, 12, <null>, <null>,
7425, 750, 16, 102.5, 7451,
7625, 750, 12, <null>, <null>,
7775, 700, 12, <null>, <null>,
7875, 700, 12, <null>, <null>,
8025, 700, 12, <null>, <null>,
8175, 700, 12, <null>, <null>,
8325, 700, 12, <null>, <null>,
8475, 700, 12, <null>, <null>,
8625, 700, 12, <null>, <null>,
8775, 700, 12, <null>, <null>,
8925, 700, 12, <null>, <null>,
5325, 750, 14, 89.5, 5338,
5025, 750, 12, <null>, <null>,
5625, 750, 12, <null>, <null>,
5775, 750, 12, <null>, <null>,
4725, 750, 12, <null>, <null>,
4575, 750, 12, <null>, <null>,
4425, 750, 12, <null>, <null>,
actionIndicators
playerCheckpoints
player
0, 779.582824707031,
enemies
4950, 700,
5100, 700,
5250, 700,
4800, 700,
5550, 625,
5850, 700,
6000, 700,
6450, 700,
6750, 650,
7050, 600,
8100, 650,
8250, 650,
8400, 650,
8550, 650,
8700, 650,
8775, 650,
8850, 650,
8925, 650,
killFloors
5875, 800,
goalBlocks
breakableWalls
ziplines
placers
slideWalls
5750, 650,
6350, 650,
7875, 600,
powerups
7275, 500,
